87
0  0.000040
9  0.000040
10  0.013220
32  0.150721
33  0.000924
34  0.017559
35  0.000161
37  0.000040
38  0.000161
39  0.003054
40  0.000040
41  0.000040
44  0.010086
45  0.004179
46  0.019287
47  0.009081
48  0.001406
49  0.001567
50  0.001527
51  0.000884
52  0.000563
53  0.000844
54  0.000683
55  0.001005
56  0.000643
57  0.001005
58  0.001366
59  0.001688
60  0.010126
61  0.004099
62  0.010126
63  0.000884
65  0.001768
66  0.001768
67  0.000402
68  0.001969
69  0.000402
70  0.000121
71  0.000964
72  0.002290
73  0.001326
74  0.001165
75  0.000040
76  0.001406
77  0.005063
78  0.000522
79  0.000563
80  0.003496
82  0.000362
83  0.004340
84  0.003496
85  0.000201
86  0.000040
87  0.000964
89  0.000402
90  0.000040
91  0.000080
93  0.000080
95  0.002049
97  0.056254
98  0.010889
99  0.019408
100  0.032949
101  0.085024
102  0.011733
103  0.014064
104  0.041467
105  0.042311
106  0.001246
107  0.006630
108  0.032226
109  0.017158
110  0.042633
111  0.051513
112  0.015550
113  0.000884
114  0.047896
115  0.045526
116  0.064210
117  0.019207
118  0.007032
119  0.014586
120  0.003456
121  0.013581
122  0.000121
123  0.000040
125  0.000040
