107
0  0.000014
9  0.001885
10  0.005068
32  0.109152
33  0.000505
34  0.013142
35  0.000437
36  0.000191
37  0.000123
38  0.001708
39  0.001393
40  0.001544
41  0.001544
42  0.000137
43  0.002227
44  0.008989
45  0.001161
46  0.006940
47  0.041161
48  0.004795
49  0.002377
50  0.002391
51  0.001516
52  0.001940
53  0.002391
54  0.001352
55  0.001079
56  0.002746
57  0.001831
58  0.002855
59  0.003757
60  0.007732
61  0.008661
62  0.007746
63  0.000792
64  0.000014
65  0.042978
66  0.004126
67  0.003169
68  0.003798
69  0.003074
70  0.001598
71  0.002131
72  0.001284
73  0.001489
74  0.001899
75  0.001175
76  0.001721
77  0.008552
78  0.001790
79  0.003374
80  0.003893
81  0.002541
82  0.001776
83  0.003374
84  0.001995
85  0.001735
86  0.001298
87  0.001530
88  0.000697
89  0.002199
90  0.006571
91  0.000314
92  0.000232
93  0.000314
95  0.000724
97  0.081734
98  0.011639
99  0.026543
100  0.029822
101  0.069193
102  0.008320
103  0.009850
104  0.012664
105  0.032062
106  0.004303
107  0.003197
108  0.035942
109  0.023388
110  0.037131
111  0.047308
112  0.020451
113  0.006339
114  0.037923
115  0.043060
116  0.030218
117  0.021748
118  0.008046
119  0.006639
120  0.002841
121  0.007281
122  0.009727
123  0.000615
124  0.000014
125  0.000615
160  0.000014
161  0.000219
179  0.000027
191  0.000205
195  0.000041
225  0.002035
233  0.000833
237  0.003087
241  0.000915
243  0.000997
250  0.000342
252  0.000027
